7314522047578-02,28-Jan-2023,731401A0,1-Aug-2023,31-Jul-2024
7314305535178-01,25-Oct-1997,731401A0,1-Aug-2023,31-Jul-2024
7314724679984-02,5-Jul-2018,731402A0,1-Aug-2023,31-Jul-2024
7314018692568-01,5-Aug-1986,731403A0,1-Aug-2023,31-Jul-2024
7314406537578-01,27-Apr-1994,731403A0,1-Aug-2023,31-Jul-2024
7314402287198-01,25-Apr-1965,731404A0,1-Aug-2023,31-Jul-2024
7314753994278-01,27-Nov-1995,731404A0,1-Aug-2023,31-Jul-2024
7314629279984-01,19-Oct-1973,731404A0,1-Aug-2023,31-Jul-2024
7314629279984-02,1-Apr-2019,731404A0,1-Aug-2023,31-Jul-2024
7314629279984-03,29-Dec-1979,731404A0,1-Aug-2023,31-Jul-2024
7314684509188-01,15-Dec-1985,731404A0,1-Aug-2023,31-Jul-2024
7314401548478-01,24-Aug-1990,731404A0,1-Aug-2023,31-Jul-2024
7314761050588-01,15-Aug-1976,731404A0,1-Aug-2023,31-Jul-2024
7314213434968-01,2-Jun-1985,731404A0,1-Aug-2023,31-Jul-2024
7314989224688-01,26-Apr-1981,731404A0,1-Aug-2023,31-Jul-2024
7314900545378-01,12-Feb-1989,731404A0,1-Aug-2023,31-Jul-2024
7314268279984-01,7-Aug-1977,731404A0,1-Aug-2023,31-Jul-2024
7314411051478-01,14-Apr-1996,731404A0,1-Aug-2023,31-Jul-2024
7314596061788-01,27-Aug-1967,731404A0,1-Aug-2023,31-Jul-2024
7314682986778-01,29-Mar-1991,731404A0,1-Aug-2023,31-Jul-2024
7314062831298-01,6-Feb-1975,731404A0,1-Aug-2023,31-Jul-2024
7314064901788-01,22-Sep-1982,731404A0,1-Aug-2023,31-Jul-2024
7314322602978-02,14-Sep-2008,731404A1,1-Aug-2023,31-Jul-2024
7314888279984-02,14-Mar-2001,731404A1,1-Aug-2023,31-Jul-2024
7314178666778-01,23-Sep-1992,731405A0,1-Aug-2023,31-Jul-2024
7314438281578-01,13-Dec-1972,731405A0,1-Aug-2023,31-Jul-2024
7314070861978-01,16-Nov-1980,731406A0,1-Aug-2023,31-Jul-2024
7314070861978-02,31-Jan-2016,731406A0,1-Aug-2023,31-Jul-2024
7314457537288-01,14-Feb-1964,731406A0,1-Aug-2023,31-Jul-2024
7314443869768-01,17-Apr-2003,731406A0,1-Aug-2023,31-Jul-2024
7314197691088-01,28-Apr-1989,731406A0,1-Aug-2023,31-Jul-2024
7314197691088-02,26-Jan-2012,731406A0,1-Aug-2023,31-Jul-2024
7314197691088-03,6-Jul-2019,731406A0,1-Aug-2023,31-Jul-2024
7314435425678-01,10-Aug-1992,731406A0,1-Aug-2023,31-Jul-2024
7314229207388-01,13-Oct-1985,731406A0,1-Aug-2023,31-Jul-2024
7314578590188-01,18-Aug-1977,731406A0,1-Aug-2023,31-Jul-2024
7314756749978-01,24-May-1983,731406A0,1-Aug-2023,31-Jul-2024
7314322243888-01,6-Dec-1958,731406A0,1-Aug-2023,31-Jul-2024
7314322243888-02,9-Mar-1969,731406A0,1-Aug-2023,31-Jul-2024
7314322243888-03,24-Dec-2009,731406A0,1-Aug-2023,31-Jul-2024
7314624045388-02,4-Nov-2018,731406A0,1-Aug-2023,31-Jul-2024
7314486701178-01,2-Jan-1998,731406A0,1-Aug-2023,31-Jul-2024
7314797244278-02,2-Oct-2018,731406A0,1-Aug-2023,31-Jul-2024
7314797244278-03,23-Dec-1972,731406A0,1-Aug-2023,31-Jul-2024
